4608
24 41 33 92 51 52 95 99 80 15 68 19 89 57 67 16 94 86 31 59 36 35 34 79 8 9 76 27 30 77 18 40 56 88 13 70 84 81 82 98 22 23 25 26 10 72 1 49 44 64 75 83 28 90 54 42 58 85 87 32 65 5 20 97 48 91 11 63 71 37 66 60 6 78 14 39 69 100 12 45 4 55 93 73 50 17 96 7 2 3 62 43 29 38 74 53 46 61 47 21
4608
76 72 41 42 65 59 67 84 68 82 97 10 80 11 44 99 36 14 12 95 61 9 87 74 45 46 2 37 35 13 79 31 77 64 98 69 20 58 88 89 40 78 86 62 47 7 55 56 91 27 100 30 49 51 19 83 50 73 57 54 43 32 94 18 28 85 22 23 90 17 60 39 6 1 29 66 33 3 16 24 21 70 5 8 81 26 48 34 52 93 75 96 38 25 92 4 15 71 63 53
4608
56 61 29 30 55 48 41 63 44 33 90 59 42 12 54 96 84 10 6 43 98 69 88 60 66 100 68 24 31 16 74 26 67 34 82 36 2 45 13 4 89 14 38 49 17 32 7 85 64 52 58 5 50 78 99 80 9 15 79 75 77 71 91 27 21 23 19 25 70 11 72 51 28 47 1 37 93 92 22 20 73 65 97 86 87 39 35 81 95 40 8 18 3 57 83 94 53 62 76 46
4608
71 15 36 93 18 89 14 91 8 28 68 62 22 23 84 74 17 5 77 65 7 61 11 6 95 20 39 29 50 83 25 51 4 2 94 38 48 47 37 57 70 87 79 19 97 99 90 78 24 53 40 67 82 85 13 69 75 60 58 63 76 96 3 9 35 80 73 81 98 49 43 42 32 72 34 44 12 16 64 59 46 45 31 41 27 55 10 86 30 54 56 52 92 100 21 1 26 33 66 88
4608
23 93 77 76 91 79 64 88 100 83 17 50 43 63 67 84 54 18 24 87 33 16 97 30 96 75 78 51 7 72 58 85 39 55 4 80 28 36 15 49 61 59 9 92 29 45 26 52 10 19 81 32 65 11 3 34 1 60 8 82 12 27 95 86 22 71 89 5 20 38 57 37 47 66 25 98 21 40 90 94 62 35 56 41 68 44 70 53 42 13 48 74 14 69 31 2 6 46 73 99
4608
84 66 11 92 1 93 30 42 32 81 35 37 85 56 71 63 34 27 49 51 65 69 100 14 18 46 61 67 38 16 10 21 89 88 94 9 70 15 31 55 23 90 53 80 28 17 25 62 82 41 7 87 54 6 74 12 98 96 22 83 33 97 47 19 29 75 68 44 91 5 79 95 73 86 3 76 50 4 59 8 78 48 58 52 40 77 24 2 45 26 57 39 99 43 36 13 72 20 60 64
4608
34 16 59 31 15 10 49 17 58 21 92 95 100 1 61 44 41 97 83 30 39 89 48 90 68 76 29 91 54 99 22 52 45 66 60 25 77 93 65 3 13 4 14 19 75 33 8 63 47 9 32 81 36 74 2 79 62 38 94 24 86 84 27 7 78 57 87 26 42 72 40 37 23 85 82 71 80 98 28 55 53 6 64 12 70 43 51 56 5 73 20 18 67 96 46 50 69 35 11 88
4608
16 22 24 72 10 71 23 38 91 34 93 99 28 7 53 98 25 74 15 80 48 40 29 82 39 44 41 66 76 36 8 52 33 56 6 54 69 3 18 75 13 20 63 79 85 32 60 42 26 58 84 30 55 64 92 50 67 94 31 57 12 89 83 81 43 88 27 21 35 5 86 95 9 51 73 11 46 47 19 14 4 87 97 70 90 100 49 65 1 45 68 77 59 96 2 62 37 61 78 17
4608
3 44 91 28 17 14 29 8 65 90 12 98 63 47 97 34 52 89 27 16 41 68 82 43 94 21 75 38 36 5 39 69 67 64 92 46 62 83 76 70 45 48 54 74 15 2 85 26 86 78 58 42 80 20 10 100 87 1 96 7 99 56 25 57 32 49 23 18 61 55 4 66 53 37 50 93 40 19 77 88 9 24 72 84 60 13 71 31 22 81 30 35 95 6 11 73 79 59 33 51
4608
36 31 62 50 5 28 86 77 2 46 27 69 100 80 95 74 71 29 16 60 89 15 54 49 40 37 59 92 14 70 98 96 58 39 21 66 10 75 45 91 51 41 47 93 13 56 25 78 32 79 65 33 26 3 34 61 64 63 84 1 68 17 90 72 76 4 87 6 82 12 53 18 19 38 67 73 9 44 94 55 8 43 7 20 42 22 81 85 48 23 97 83 11 99 88 35 24 30 57 52
4608
16 34 6 94 92 95 45 50 19 46 64 60 7 56 84 70 88 29 32 18 22 93 9 68 10 28 25 72 90 55 48 38 1 12 75 65 49 62 85 80 97 58 66 78 39 4 14 57 91 17 51 27 41 63 61 3 67 59 37 71 76 15 43 8 47 36 5 20 99 2 35 96 53 86 89 73 33 79 87 26 40 54 83 52 21 31 44 13 23 42 81 24 100 69 30 82 98 11 77 74
4608
35 79 92 39 44 99 41 70 74 5 28 29 76 69 53 56 43 20 89 91 66 10 3 68 67 1 49 25 32 31 80 27 58 21 60 55 16 63 72 97 48 100 34 73 90 98 22 6 13 46 71 12 77 14 30 51 15 59 9 64 65 8 62 95 26 84 88 81 23 17 24 18 50 57 96 94 19 45 38 75 40 61 33 36 93 4 86 11 7 82 37 83 52 42 78 47 2 85 87 54
4608
19 53 71 49 9 4 46 3 27 78 15 28 58 98 20 55 77 79 25 83 12 7 74 34 65 40 2 37 87 56 22 50 69 41 70 62 10 23 73 54 72 16 82 86 32 67 88 30 63 45 57 31 11 5 66 89 91 59 6 60 39 43 21 96 35 33 17 42 44 85 93 64 18 52 24 94 76 61 92 80 81 84 29 51 97 14 75 95 99 36 68 48 90 13 26 100 1 8 38 47
4608
98 71 61 91 33 36 85 47 14 77 34 92 52 4 58 84 15 87 42 11 95 6 66 3 31 70 32 19 73 55 49 35 83 72 90 50 18 68 20 97 27 30 82 25 80 40 8 93 44 64 100 94 63 75 29 96 41 76 21 51 39 24 99 13 23 46 81 5 88 59 48 62 2 74 65 38 60 79 12 78 43 86 10 17 9 53 89 45 22 37 57 28 69 16 67 1 54 7 56 26
4608
52 2 65 66 41 69 39 4 93 44 89 27 64 90 47 63 98 67 30 42 58 8 36 71 59 9 6 10 16 5 50 40 48 22 78 68 24 46 92 32 60 99 75 83 76 34 55 23 95 35 1 80 82 81 17 26 20 49 62 11 25 31 12 19 79 37 14 57 56 70 91 28 7 85 61 74 84 21 97 51 86 100 73 77 54 94 38 18 43 33 15 45 29 53 3 72 87 13 96 88
4608
20 83 45 33 73 49 78 30 29 3 24 11 4 34 68 27 19 60 52 41 37 35 95 58 22 48 21 12 75 81 77 36 54 10 76 86 43 44 15 62 9 90 42 100 53 85 84 13 56 50 98 31 25 32 5 40 38 91 82 89 59 93 87 14 7 8 64 16 70 74 96 63 99 57 67 71 47 72 97 79 69 1 39 23 88 28 6 65 55 94 46 18 61 2 17 51 26 66 80 92
4608
54 65 9 33 52 89 4 75 20 74 22 7 63 81 18 82 72 29 12 99 51 19 60 87 67 46 40 41 6 93 15 39 53 98 21 47 83 88 1 69 73 85 56 84 64 45 91 23 78 36 86 50 48 13 24 96 28 94 90 3 57 92 97 10 68 59 66 16 77 42 38 55 27 70 32 95 43 49 17 71 5 31 80 11 26 2 100 37 62 44 61 25 34 35 79 14 30 8 58 76
4608
74 8 40 20 42 32 29 89 9 80 27 69 41 15 1 87 68 52 91 11 39 50 93 14 38 98 24 64 55 30 66 53 84 43 78 44 95 13 72 4 92 99 51 94 67 49 71 34 6 2 90 45 79 60 17 76 10 36 62 47 97 61 57 26 31 70 37 23 16 19 22 5 73 63 3 77 35 81 28 33 21 75 59 25 96 54 82 46 88 65 58 86 18 100 12 48 56 85 7 83
4608
99 13 72 15 96 97 7 29 87 11 92 28 65 3 19 76 12 83 21 77 41 46 71 14 90 86 68 70 2 20 53 63 58 66 33 55 85 8 22 60 18 75 73 10 98 35 88 47 61 48 4 31 67 30 42 6 57 38 49 56 82 17 74 26 44 25 95 36 27 16 78 80 89 51 43 5 37 39 69 94 93 100 59 1 32 64 81 79 52 40 23 24 50 62 34 45 84 54 91 9
4608
41 5 26 4 12 17 48 16 69 42 35 92 74 89 39 11 94 80 68 59 95 49 24 88 100 44 78 29 65 40 27 9 70 93 33 51 71 98 55 97 96 66 2 61 53 73 76 10 67 50 47 90 79 85 58 72 7 15 13 83 22 1 6 91 87 77 64 34 28 30 25 46 45 57 36 52 18 23 3 21 32 43 14 8 60 99 31 84 81 38 54 37 63 82 20 19 56 75 86 62
4608
75 59 100 12 47 93 72 39 92 26 94 67 3 70 32 4 5 65 8 56 76 91 90 99 61 55 81 66 79 28 27 37 84 2 48 85 51 36 41 30 64 25 83 45 43 57 89 15 33 17 34 98 69 52 21 62 42 73 50 71 46 10 95 9 88 19 20 68 35 49 96 60 77 78 40 54 1 14 18 6 53 29 63 74 16 23 11 31 80 13 82 7 86 44 87 24 97 38 22 58
4608
94 21 32 53 58 67 39 24 86 31 76 81 96 34 60 23 1 38 16 74 28 4 2 90 84 63 56 30 77 64 25 49 59 93 36 85 42 51 61 83 72 54 50 48 5 44 99 26 70 92 68 98 89 45 78 40 57 10 69 91 8 22 12 43 19 17 97 20 55 66 95 14 29 87 11 13 47 65 27 37 100 7 73 41 79 80 46 15 52 18 62 9 75 88 35 6 71 33 3 82
4608
30 16 90 18 57 97 39 7 25 54 86 36 58 23 71 95 69 98 33 87 74 89 32 10 13 2 22 83 31 65 37 70 100 20 27 94 42 92 51 11 43 8 4 67 28 99 3 77 14 56 44 24 91 46 62 45 47 85 53 96 93 75 50 15 35 72 78 55 79 48 66 64 38 73 34 41 80 59 17 76 61 9 29 88 12 68 5 21 84 82 49 26 63 60 40 81 6 19 1 52
4608
83 30 90 91 57 51 52 80 20 38 70 28 43 99 3 74 37 5 69 59 77 93 65 56 2 97 24 66 55 92 96 78 36 85 46 94 76 19 89 79 39 34 54 68 75 42 27 60 48 8 32 58 61 11 33 72 7 1 12 86 95 100 41 44 35 40 53 73 50 49 67 84 6 64 31 15 16 87 82 71 98 29 25 26 88 13 47 17 9 81 4 14 10 62 63 45 23 22 21 18
4608
90 69 7 91 33 13 60 76 31 71 97 88 80 56 79 95 66 23 48 44 18 47 75 35 57 73 82 70 49 93 51 10 14 74 40 6 45 58 77 81 3 22 61 46 78 16 53 83 39 28 30 64 92 9 32 54 89 1 62 37 15 5 72 27 20 84 12 38 50 94 43 63 41 34 67 65 26 59 85 87 21 98 42 11 86 55 36 2 100 25 4 68 99 96 29 17 52 19 24 8
4608
75 82 36 18 89 51 47 43 62 32 54 41 22 80 61 31 8 14 37 45 28 71 94 78 13 9 34 91 33 69 53 64 95 90 27 88 17 55 77 21 5 59 42 70 50 26 3 74 38 7 92 16 84 72 19 73 87 46 12 100 6 57 81 35 97 24 66 93 44 23 99 4 48 96 56 39 49 67 60 58 52 76 85 65 25 83 40 86 30 29 11 68 15 20 79 2 98 63 10 1
4608
15 55 32 30 10 50 61 19 63 70 1 44 25 37 84 64 99 47 7 42 45 100 66 98 52 92 31 38 14 88 94 26 46 20 73 80 6 81 69 18 86 5 8 13 82 24 59 58 43 83 75 36 67 35 11 79 22 77 21 34 48 27 2 56 76 78 41 89 60 96 9 57 68 16 12 62 40 33 39 49 71 28 23 72 53 54 85 65 74 3 95 97 51 93 87 29 90 4 17 91
4608
98 86 70 53 32 26 82 47 24 50 23 34 17 42 63 7 94 85 12 40 84 56 61 11 38 64 80 8 41 1 71 46 60 62 95 91 55 97 100 72 27 3 18 49 37 25 29 93 6 45 15 59 48 5 43 13 88 73 35 83 22 77 67 54 75 65 33 69 36 4 44 68 39 89 14 30 31 78 66 74 52 99 58 21 96 79 28 57 16 51 81 20 2 87 76 19 90 9 10 92
4608
77 11 46 65 28 62 7 14 31 71 18 45 39 17 55 30 38 34 81 13 98 3 40 10 75 25 59 85 2 93 36 41 72 4 19 61 89 66 76 79 57 78 21 24 100 15 51 90 22 6 91 67 94 95 82 1 83 33 27 12 64 37 96 56 88 42 29 58 52 60 69 80 50 23 70 8 68 87 97 48 99 63 43 84 53 86 16 74 20 35 5 54 92 32 44 49 47 73 26 9
4608
97 39 68 51 70 88 93 25 38 90 72 94 91 66 58 28 50 4 89 19 95 79 87 92 40 65 80 32 2 26 100 13 43 8 78 67 9 5 63 20 22 37 86 84 52 48 96 33 57 53 62 49 24 44 75 77 47 6 21 16 73 42 34 3 99 69 36 12 23 85 71 59 82 45 27 31 29 83 60 55 7 56 1 61 15 10 64 35 74 54 17 41 18 11 14 81 46 30 98 76
4608
97 18 90 70 50 78 54 63 67 7 25 47 46 49 35 55 17 26 89 13 79 91 33 60 39 92 88 24 22 68 40 76 2 23 44 93 51 16 10 71 48 99 87 58 82 83 85 69 6 3 11 32 42 95 31 41 53 84 62 43 77 86 37 45 72 8 96 1 64 100 27 14 75 29 61 20 36 81 65 21 57 73 12 19 56 5 28 94 38 74 9 15 80 59 98 4 30 34 66 52
4608
25 32 62 40 55 6 59 33 26 78 30 35 100 86 91 48 90 38 29 54 47 72 31 92 75 19 73 94 42 53 71 23 2 3 39 20 74 11 81 49 16 67 7 66 21 65 79 36 56 85 37 80 34 96 15 44 5 60 14 99 93 4 50 84 61 87 64 10 28 51 9 88 57 76 43 70 1 41 95 24 69 97 89 17 98 52 18 83 13 8 27 45 77 68 63 82 12 46 22 58
4608
19 2 18 86 3 40 13 27 88 98 47 69 76 45 89 30 4 84 1 51 79 25 78 57 28 83 15 90 91 95 72 85 5 17 37 46 70 56 58 11 12 96 71 81 55 42 39 54 66 87 23 52 48 26 62 65 24 7 63 33 61 100 36 21 64 8 22 38 59 80 67 74 50 35 9 16 6 34 73 31 10 44 92 41 49 82 75 43 93 60 97 99 20 53 94 77 29 32 68 14
4608
7 49 21 22 92 28 30 96 26 23 64 83 50 73 18 99 54 84 86 37 8 5 47 75 77 39 14 36 59 43 66 29 9 89 6 40 78 85 53 19 11 60 55 62 12 3 10 20 33 63 69 52 82 97 91 24 71 67 27 80 25 51 58 90 31 42 70 68 16 34 32 87 100 38 79 13 35 41 95 2 88 48 1 93 76 72 17 15 45 4 61 44 74 46 57 98 65 94 56 81
4608
80 74 95 5 52 85 54 71 21 14 75 50 87 79 57 58 78 81 67 94 13 11 32 30 25 18 12 10 4 24 27 38 17 69 88 7 90 98 23 68 19 39 63 60 84 29 82 100 86 45 20 48 47 99 93 65 66 92 41 61 9 97 22 26 72 64 34 77 49 91 28 51 16 70 96 35 44 8 83 3 40 42 2 36 89 46 53 1 55 6 73 76 33 37 15 59 31 56 62 43
4608
68 100 51 2 95 18 34 5 56 97 81 47 13 39 90 32 98 96 11 8 19 78 45 92 66 67 28 79 14 30 7 91 20 26 4 75 58 10 88 37 87 84 9 15 69 60 73 61 63 31 94 99 40 71 48 6 49 64 22 44 86 74 17 29 65 62 50 83 54 1 43 35 21 82 12 80 24 46 85 53 93 72 70 3 33 59 38 41 42 76 23 52 27 55 77 57 36 25 16 89
4608
74 10 67 47 98 89 52 100 83 31 85 61 3 23 16 27 66 72 91 33 42 29 51 2 8 1 12 37 25 32 78 68 94 75 79 84 64 18 15 6 43 60 26 54 82 50 40 88 19 49 87 45 35 77 93 17 80 24 58 96 21 4 30 28 92 14 13 57 90 9 55 41 48 53 59 11 95 22 46 62 5 81 20 34 39 99 86 44 70 63 56 97 76 65 38 71 36 73 7 69
4608
8 11 52 34 12 14 43 20 55 51 94 30 97 32 86 74 49 2 47 23 35 39 59 100 38 16 27 60 45 91 69 25 80 99 89 36 13 54 98 33 6 57 15 87 21 19 46 9 53 65 29 79 3 81 4 24 5 26 62 64 93 72 95 66 68 17 7 28 75 71 42 85 37 77 90 88 67 18 31 83 58 92 96 1 22 10 63 40 78 56 44 82 61 84 50 48 70 73 41 76
4608
13 89 32 45 11 53 61 2 80 7 81 22 58 84 21 37 51 41 14 8 78 79 47 90 68 65 100 86 4 74 17 50 99 55 92 15 93 28 59 87 20 19 16 35 40 85 94 69 72 38 1 27 33 9 57 56 29 52 97 76 43 18 98 3 96 82 46 12 95 64 48 60 6 44 34 63 67 91 71 36 83 70 25 5 31 39 62 10 42 88 23 54 49 75 24 26 73 77 66 30
4608
91 9 79 45 93 26 62 72 22 37 57 70 33 4 6 24 56 94 35 76 87 23 3 64 42 50 19 5 71 48 82 11 10 13 54 52 32 17 97 1 47 67 43 77 41 55 15 78 28 69 12 46 20 27 96 75 38 89 53 7 98 86 83 74 73 63 68 40 60 90 51 100 30 31 2 58 8 25 65 36 18 44 84 88 85 61 21 66 59 80 39 99 49 92 95 34 16 14 81 29
4608
68 32 29 48 62 78 76 31 52 49 60 4 86 51 19 89 100 90 16 95 25 92 85 72 83 82 65 9 24 8 14 66 70 80 57 79 28 81 41 64 47 69 97 75 23 27 98 30 12 74 91 63 56 61 10 40 6 44 39 71 22 50 11 2 37 59 33 94 7 13 53 54 88 67 20 99 35 18 21 17 73 3 34 43 77 26 93 58 45 46 84 96 15 1 87 42 36 55 38 5
4608
28 62 88 75 94 44 30 47 90 73 42 50 71 38 52 7 51 80 93 10 76 70 64 81 25 32 100 66 4 67 14 26 78 5 92 48 20 96 17 60 3 9 24 27 58 91 99 8 1 55 23 12 29 40 39 84 18 87 56 11 6 36 74 15 45 86 85 59 37 16 34 54 21 57 98 95 89 35 2 68 41 79 69 31 33 77 82 49 43 63 19 97 72 53 83 46 61 22 65 13
4608
66 71 65 33 70 97 58 47 86 35 67 92 48 40 88 10 16 81 91 89 56 77 44 78 29 19 34 42 72 99 87 60 17 54 73 21 39 52 24 26 32 7 100 61 90 38 75 96 13 45 25 55 59 76 94 3 93 9 69 31 2 37 36 63 79 41 51 12 8 5 27 1 11 6 43 46 68 20 82 23 98 64 28 62 80 4 15 83 53 18 49 95 22 84 85 50 30 14 74 57
4608
8 100 41 9 11 38 1 95 12 43 99 58 79 51 55 26 54 77 96 35 15 59 40 17 65 2 68 18 64 13 63 93 92 83 84 85 5 37 14 74 20 48 49 32 36 66 88 91 60 21 45 71 27 90 46 52 73 50 70 44 39 75 22 16 47 10 82 76 78 62 94 31 25 86 4 28 72 3 67 24 61 23 69 97 34 19 80 89 30 53 42 57 98 6 87 29 81 56 33 7
4608
42 76 65 75 80 52 49 36 17 60 61 11 57 85 45 33 64 26 48 22 71 77 58 98 6 31 100 47 30 43 27 50 66 99 72 21 87 35 32 5 81 12 10 16 44 46 54 69 38 39 88 55 83 68 79 59 89 97 41 78 8 20 96 13 86 9 91 15 93 37 62 84 63 56 92 25 70 82 24 1 34 7 73 14 51 67 3 28 23 90 4 2 19 95 53 74 40 94 29 18
4608
43 49 55 96 11 44 97 13 87 52 12 61 17 80 58 3 31 21 63 16 22 65 25 90 20 64 72 5 41 33 35 4 98 46 73 77 29 14 53 9 51 82 89 81 85 26 8 59 54 1 70 79 88 95 69 2 7 68 83 47 57 27 36 100 66 28 30 34 92 48 99 71 93 86 39 84 23 19 94 38 37 10 78 32 50 40 6 75 56 62 91 60 24 74 15 45 76 18 67 42
4608
31 15 1 95 40 19 38 75 39 80 47 83 72 48 10 89 99 59 91 77 27 33 56 26 20 30 52 29 6 58 7 57 17 55 12 18 68 42 96 64 71 84 54 87 60 28 35 97 2 25 66 76 43 92 69 51 61 9 11 62 100 50 14 79 49 93 78 98 44 88 90 21 34 32 16 24 36 85 3 81 46 5 41 4 70 37 73 23 63 82 74 45 86 13 53 67 22 65 8 94
4608
2 14 23 61 24 98 10 79 11 40 81 15 70 47 86 76 50 27 55 38 92 7 100 45 31 71 12 51 67 73 75 3 21 13 36 63 94 90 48 96 56 59 8 84 16 66 62 46 88 99 68 35 82 22 28 58 4 89 33 30 42 97 72 57 91 41 78 6 1 34 20 39 19 69 85 74 65 93 52 37 43 25 80 26 9 64 53 60 49 17 29 77 32 18 83 95 87 5 44 54
4608
78 8 17 36 12 62 96 77 59 82 88 53 73 91 35 58 7 5 81 30 14 48 16 92 1 80 95 79 90 93 94 99 49 11 84 75 38 74 2 67 83 97 19 6 3 60 24 28 37 34 87 32 89 33 46 23 66 26 29 72 51 52 56 98 10 57 69 76 85 13 43 41 45 71 44 20 50 100 86 63 42 40 31 70 68 64 47 15 9 4 61 65 18 54 55 27 21 39 25 22
4608
46 3 30 53 98 28 91 27 76 41 7 12 59 29 43 69 36 92 51 62 25 22 33 54 75 67 79 37 61 24 39 21 94 86 95 56 77 78 13 63 65 18 71 80 99 23 34 9 15 2 74 4 8 40 19 45 64 31 11 32 5 1 52 89 96 49 57 50 90 73 17 97 48 10 16 100 93 68 26 42 72 20 83 60 84 82 55 58 88 66 85 35 6 47 38 70 44 14 87 81
4608
81 26 90 82 43 85 58 20 60 14 24 86 79 47 11 18 44 99 32 25 96 73 61 15 51 31 5 30 23 92 53 56 35 97 4 27 50 12 91 77 100 83 65 8 2 21 38 48 63 7 33 71 80 67 98 88 52 54 1 49 57 87 39 3 89 72 68 29 93 75 37 74 45 46 55 78 76 41 36 70 22 6 9 28 40 66 64 42 13 69 34 84 62 94 17 10 95 59 16 19
4608
21 78 13 89 36 61 53 85 82 75 12 60 48 68 63 14 50 27 30 66 74 91 19 35 71 96 3 58 7 24 34 2 52 5 80 54 1 8 47 98 32 88 100 4 94 40 93 18 55 15 70 83 95 43 44 25 86 33 90 77 28 72 67 6 17 99 79 84 56 9 92 87 62 42 73 69 57 20 45 29 76 10 39 41 23 65 64 37 97 49 22 59 38 31 81 11 51 46 16 26
4608
100 20 3 41 47 12 52 33 71 23 7 17 49 74 55 30 5 28 32 35 21 37 90 82 78 94 13 54 99 1 62 18 36 15 70 34 67 89 4 98 44 29 8 63 46 81 77 59 43 38 65 75 10 96 2 84 48 79 66 40 61 25 95 72 86 76 97 91 57 31 92 85 56 64 24 45 87 26 88 69 6 16 68 9 93 14 51 53 42 39 11 22 80 83 60 50 58 19 73 27
4608
72 87 93 90 18 78 60 81 2 43 5 14 74 44 8 85 25 58 82 57 22 3 21 86 83 92 52 88 16 12 66 10 91 100 7 26 99 48 46 39 95 33 30 70 51 68 54 27 29 15 56 13 4 17 53 97 98 40 79 69 37 61 9 75 42 71 80 63 49 19 11 31 50 55 6 34 35 38 1 41 62 20 96 76 64 59 36 89 73 67 84 23 45 94 47 65 77 32 28 24
4608
6 79 14 38 87 92 84 15 67 43 97 73 30 49 12 53 62 63 37 35 78 28 64 10 59 26 42 40 80 17 46 55 45 27 48 66 25 72 71 88 51 81 52 70 41 50 77 11 23 31 2 29 91 3 98 44 86 9 21 19 69 90 36 96 60 33 24 8 56 89 85 47 18 93 94 32 100 22 5 1 99 13 83 76 4 75 39 57 34 65 68 54 58 16 20 74 61 7 82 95
4608
49 30 46 24 66 15 23 5 76 65 51 34 3 32 50 21 81 80 63 99 71 67 83 90 17 94 100 40 72 53 45 91 93 7 20 6 95 98 82 64 60 86 78 96 87 74 42 38 22 61 35 57 85 69 25 54 44 88 48 43 36 14 19 31 18 70 4 52 41 8 29 62 75 10 73 9 12 59 39 92 97 16 84 77 11 56 58 2 37 79 55 27 26 1 28 89 33 13 47 68
4608
44 31 27 42 86 28 26 53 69 97 78 7 66 63 19 39 38 82 62 99 92 88 91 96 5 37 8 30 18 55 40 41 61 58 51 13 14 50 100 54 17 24 16 81 46 6 74 85 12 43 47 48 1 59 76 79 64 75 20 32 2 33 87 10 15 52 34 80 29 36 23 9 3 25 35 73 68 94 71 70 60 22 98 83 84 89 11 93 4 21 67 72 56 57 95 65 77 45 49 90
4608
68 30 1 57 20 37 84 94 81 35 69 55 83 54 86 46 48 74 11 10 40 32 89 75 65 58 43 8 4 38 96 16 50 19 39 17 72 100 5 18 93 27 92 21 56 13 9 90 47 12 78 70 6 31 95 73 26 24 88 42 44 15 25 82 14 76 64 77 28 87 41 98 60 3 85 2 66 33 7 23 62 61 79 80 36 97 22 29 67 52 49 99 51 59 45 71 91 63 34 53
4608
100 41 75 54 99 70 96 71 37 53 22 87 98 42 8 56 6 11 89 12 92 69 77 47 46 84 51 9 3 78 64 18 33 95 72 63 90 57 30 60 55 19 93 35 4 45 28 88 31 82 15 85 59 14 7 43 79 20 58 62 86 36 80 65 21 38 39 83 13 16 66 1 25 5 23 61 24 27 94 44 10 74 67 48 29 32 40 91 2 81 34 50 26 17 49 76 68 97 73 52
4608
31 63 81 76 37 5 71 13 59 74 41 55 46 18 57 14 44 97 49 98 86 39 15 2 51 79 70 33 34 4 61 40 60 96 52 36 72 1 58 62 21 22 84 17 50 82 77 73 23 68 42 89 80 27 29 35 54 32 65 87 43 3 8 83 10 7 69 78 48 6 66 67 90 99 19 47 12 20 85 28 26 25 24 64 88 38 95 53 16 11 56 45 9 100 30 93 91 92 75 94
4608
7 59 22 30 52 77 54 32 33 45 69 87 46 28 9 2 40 41 93 62 84 26 86 71 1 3 89 83 72 94 19 74 79 91 75 49 29 5 44 58 76 63 48 92 6 37 15 27 47 24 42 51 39 90 38 73 25 50 55 13 8 10 35 56 31 14 65 99 98 81 78 34 85 88 95 97 20 70 16 68 21 67 18 11 53 17 4 61 57 82 23 96 64 60 80 36 100 43 66 12
4608
81 79 83 96 3 27 43 41 22 61 23 75 98 89 88 93 95 72 9 52 14 48 58 19 70 99 34 29 55 66 20 76 86 62 8 46 36 15 42 53 77 94 32 69 57 63 39 84 49 44 17 73 11 90 85 31 5 80 38 1 68 12 97 71 6 60 30 64 2 26 74 45 67 7 16 13 40 47 28 50 100 65 78 37 4 24 91 10 35 82 18 33 92 21 54 59 56 87 25 51
4608
82 5 2 97 88 65 43 81 38 4 35 36 69 86 70 100 94 96 1 7 79 87 24 60 27 51 9 58 57 28 92 21 63 55 8 17 29 34 56 46 44 91 52 99 47 39 73 93 77 3 18 12 13 67 11 31 62 59 26 80 45 50 37 25 40 68 85 33 15 98 14 76 54 72 10 20 89 19 6 32 48 41 75 53 61 49 90 64 16 23 74 66 30 22 78 84 83 42 71 95
4608
74 30 54 23 10 31 99 17 58 24 69 80 5 21 33 40 9 48 53 57 83 35 52 3 8 39 25 27 66 12 11 56 73 85 65 79 49 88 97 89 78 50 45 34 82 36 42 15 6 43 37 96 70 47 28 67 32 4 22 29 93 75 41 20 38 7 91 59 51 95 77 63 90 72 19 84 98 100 61 46 13 76 2 92 18 16 71 26 87 94 60 14 62 44 86 68 55 81 1 64
4608
57 27 29 38 35 7 3 50 18 14 97 67 80 91 93 89 48 19 78 30 72 47 41 10 23 81 17 26 73 94 62 74 63 51 59 13 54 16 92 85 61 33 39 44 1 5 24 55 28 84 77 32 20 76 37 25 42 87 11 56 79 88 6 71 86 43 49 31 15 40 45 64 60 12 90 75 68 95 98 36 99 34 83 82 8 70 100 2 65 22 52 96 21 66 46 9 53 69 58 4
4608
61 85 99 46 56 20 86 72 64 40 68 39 77 33 43 98 44 74 1 65 9 80 45 5 49 11 13 79 59 7 89 54 36 92 10 78 6 15 97 12 30 18 76 42 90 8 48 58 95 91 84 52 50 94 96 32 57 93 83 62 41 70 53 31 27 67 3 75 25 73 60 37 66 22 81 2 55 14 24 26 100 29 34 16 19 38 71 88 87 17 82 21 63 47 23 4 69 28 35 51
4608
92 29 75 23 18 79 36 37 28 5 13 85 66 88 27 12 25 72 33 32 90 19 73 22 14 99 96 44 4 93 76 69 45 56 43 74 70 65 80 48 40 53 34 47 63 26 61 3 67 16 57 68 10 94 86 54 11 9 59 64 8 82 95 62 50 78 41 55 97 1 46 2 89 38 87 91 77 17 7 6 84 39 58 51 31 100 60 52 81 98 24 83 20 15 49 71 30 35 21 42
4608
54 67 28 96 27 9 29 79 84 47 68 82 13 3 40 23 65 89 51 70 69 62 38 39 31 60 55 37 4 14 92 58 35 98 99 95 5 85 21 71 81 36 87 44 33 64 52 1 86 97 90 53 16 77 91 49 7 6 57 22 45 12 50 46 66 24 75 56 76 63 11 41 26 100 8 88 48 19 32 42 72 59 93 18 34 10 25 74 73 78 30 83 20 43 80 2 61 15 94 17
4608
94 49 25 55 8 21 67 48 36 79 62 39 60 70 13 33 64 23 45 56 98 99 77 97 78 30 90 10 51 76 6 74 19 81 29 72 26 91 32 22 40 52 84 24 93 3 86 66 69 83 100 14 31 53 96 42 5 12 85 38 87 68 2 89 50 75 46 15 37 44 41 20 43 88 34 16 59 4 57 63 17 71 27 1 73 28 47 61 9 18 35 7 65 58 92 82 54 95 80 11
4608
53 1 26 2 92 76 63 10 18 11 48 56 43 64 79 3 71 27 89 86 40 6 91 61 35 99 12 20 72 44 77 75 34 24 97 100 83 33 58 69 52 16 37 39 8 57 7 78 93 17 51 21 31 74 80 41 84 9 46 62 59 66 4 15 60 81 67 25 23 68 13 28 45 70 65 55 49 14 5 98 88 94 32 30 96 38 73 87 95 36 90 85 54 50 19 22 42 47 82 29
4608
15 51 21 56 22 60 3 10 16 31 76 79 32 63 6 75 49 19 89 87 74 96 46 28 90 71 1 66 72 37 70 50 9 39 65 41 30 52 27 47 86 57 43 99 81 5 94 61 7 42 36 24 35 12 4 44 8 98 17 69 23 26 54 67 73 78 92 13 64 14 45 91 62 100 84 85 11 18 48 53 33 93 55 80 2 25 97 40 77 88 95 58 82 83 59 20 68 29 34 38
4608
92 100 15 51 24 73 70 38 57 88 59 21 42 84 47 29 80 31 79 19 6 5 98 20 94 76 64 58 53 89 1 43 95 13 23 99 90 11 63 74 27 32 82 75 54 81 97 65 35 12 72 61 46 26 56 50 71 48 87 39 36 83 14 85 40 34 18 60 16 62 93 9 30 25 8 22 37 44 91 66 77 96 7 86 3 2 41 55 69 68 10 52 33 45 67 17 28 4 49 78
4608
5 27 38 6 89 37 52 68 28 2 41 61 34 70 31 51 9 12 69 21 83 81 40 54 98 36 15 82 18 62 8 59 3 23 39 35 46 55 13 1 10 71 75 92 29 99 77 65 72 60 47 74 86 79 20 17 14 32 30 78 94 90 16 53 73 87 97 64 58 88 43 66 96 57 7 76 11 22 67 33 93 85 91 95 19 45 4 100 84 80 48 63 50 42 44 26 24 49 56 25
4608
72 69 1 31 10 98 58 16 20 90 13 24 5 12 19 15 82 4 95 36 17 86 39 60 92 47 75 48 56 94 7 100 50 70 6 81 11 55 8 3 33 67 99 54 84 63 85 57 44 28 59 23 96 49 87 68 65 66 53 97 74 25 52 2 80 62 78 71 77 64 37 18 29 41 51 46 45 89 34 61 27 9 76 35 14 26 88 42 21 91 38 79 32 30 93 73 40 43 83 22
4608
59 36 27 35 10 77 90 16 100 82 80 54 6 97 4 58 93 74 51 85 34 21 84 83 43 76 55 78 69 29 38 99 41 37 3 45 72 61 75 5 30 88 17 87 86 60 56 70 67 73 8 89 25 18 14 33 13 19 2 98 64 53 11 12 1 31 52 39 15 49 40 46 79 68 26 28 32 23 48 92 81 65 7 20 62 44 95 57 96 42 63 71 22 66 24 94 9 50 91 47
4608
73 16 88 33 92 66 90 53 87 79 67 20 41 70 13 22 5 3 91 86 18 31 100 65 76 37 40 25 85 34 12 44 95 59 8 42 94 6 62 51 39 74 35 56 14 49 45 4 9 19 48 21 63 23 26 38 71 77 93 75 61 81 83 2 11 57 78 1 68 47 46 69 7 32 50 60 17 28 58 36 55 54 84 10 15 80 89 43 27 97 24 98 29 82 72 64 30 96 52 99
4608
96 18 37 97 54 61 23 88 62 87 24 40 84 15 93 25 91 5 85 27 63 36 60 49 11 77 52 16 29 45 70 95 76 80 59 41 19 22 7 21 90 99 50 46 72 42 1 34 81 14 17 71 51 26 35 73 98 43 92 56 100 38 2 67 82 57 53 12 48 9 94 31 75 66 6 58 44 69 20 89 78 55 30 3 47 79 33 86 8 13 65 10 4 32 39 74 64 83 68 28
4608
100 19 90 25 65 94 15 81 84 10 70 54 17 83 5 24 78 49 44 97 20 4 88 95 3 47 53 57 76 6 34 51 75 50 59 26 91 39 28 99 33 12 62 96 67 77 16 29 38 73 30 82 36 86 46 56 66 61 11 41 64 72 14 68 31 98 89 27 43 71 60 63 8 7 87 74 32 85 37 35 69 79 1 93 55 48 18 45 23 52 58 13 2 42 80 40 21 22 9 92
4608
14 29 77 96 10 88 15 81 48 61 53 16 37 45 6 33 41 47 87 79 74 50 84 21 40 23 80 67 66 75 42 11 73 24 94 57 76 54 99 39 18 8 4 92 25 12 69 1 97 91 65 27 22 49 38 56 26 59 32 60 35 28 51 7 13 86 89 63 3 19 100 30 85 46 98 95 72 68 71 43 52 36 31 20 17 58 9 82 44 2 93 90 34 83 62 55 5 64 70 78
